Initial data:
	Status A:
		Quantity of people: 200
		Money per person: 12660
	Status B:
		Quantity of people: 1000
		Money per person: 7020
	Status C:
		Quantity of people: 2700
		Money per person: 3970
	Status D:
		Quantity of people: 2700
		Money per person: 2480
	Status E:
		Quantity of people: 3400
		Money per person: 1300
Result after 500000000 iterations: 
13499,13452,13427,13382,13362,13335,13332,13302,13266,13225,13223,13217,13210,13175,13172,13170,13161,13157,13141,13128,13119,13111,13109,13082,13071,13050,13048,13046,13034,13033,13026,13018,13008,13001,12990,12987,12982,12975,12973,12969,12969,12958,12946,12942,12941,12939,12933,12927,12924,12921,12918,12917,12912,12906,12900,12899,12899,12897,12897,12890,12886,12880,12878,12875,12865,12858,12856,12853,12844,12844,12835,12829,12828,12823,12820,12819,12818,12807,12798,12798,12793,12785,12780,12771,12768,12766,12765,12751,12748,12738,12735,12729,12728,12719,12717,12717,12715,12709,12703,12702,12698,12692,12684,12676,12676,12673,12672,12669,12666,12658,12649,12644,12643,12643,12636,12630,12627,12626,12624,12623,12618,12611,12610,12610,12605,12604,12596,12591,12585,12573,12569,12568,12560,12560,12560,12560,12547,12541,12538,12536,12532,12532,12525,12525,12511,12498,12494,12493,12482,12481,12480,12476,12457,12450,12448,12445,12434,12430,12429,12423,12414,12395,12394,12392,12386,12367,12367,12350,12348,12342,12337,12336,12334,12326,12324,12309,12306,12299,12260,12254,12253,12246,12234,12218,12217,12211,12197,12195,12185,12127,12120,12104,12095,12053,12026,12017,11983,11967,11853,11825,8054,7930,7863,7855,7850,7807,7767,7750,7743,7738,7724,7720,7710,7698,7693,7688,7685,7678,7670,7663,7659,7659,7653,7651,7649,7649,7637,7632,7630,7630,7627,7623,7618,7616,7615,7613,7612,7609,7608,7604,7601,7598,7598,7586,7585,7577,7575,7574,7571,7570,7567,7562,7562,7559,7557,7551,7542,7541,7541,7538,7536,7536,7534,7530,7529,7528,7526,7524,7523,7515,7514,7511,7511,7510,7509,7509,7505,7501,7498,7498,7497,7493,7487,7486,7486,7483,7483,7481,7480,7478,7476,7476,7475,7475,7470,7463,7463,7463,7457,7456,7455,7455,7454,7454,7452,7450,7450,7449,7448,7445,7441,7441,7440,7433,7432,7432,7429,7429,7428,7428,7427,7425,7424,7419,7418,7416,7415,7410,7408,7405,7404,7404,7403,7403,7401,7401,7401,7396,7394,7393,7392,7391,7391,7390,7388,7386,7385,7384,7383,7383,7382,7382,7380,7376,7376,7375,7374,7374,7374,7372,7371,7370,7370,7369,7368,7368,7367,7365,7364,7363,7363,7362,7361,7357,7356,7356,7355,7353,7353,7352,7352,7352,7352,7351,7347,7346,7344,7342,7339,7336,7336,7330,7329,7328,7327,7327,7327,7327,7326,7325,7325,7324,7324,7323,7323,7323,7323,7322,7322,7321,7320,7320,7319,7317,7317,7316,7316,7316,7315,7314,7313,7312,7310,7306,7305,7305,7305,7303,7299,7297,7296,7295,7291,7287,7287,7287,7287,7284,7283,7283,7281,7276,7274,7272,7271,7270,7268,7266,7265,7263,7263,7258,7257,7255,7255,7254,7253,7251,7250,7243,7243,7241,7241,7240,7238,7238,7238,7237,7236,7236,7235,7235,7234,7234,7234,7229,7224,7224,7224,7221,7221,7220,7220,7219,7219,7218,7217,7217,7211,7211,7210,7209,7207,7207,7205,7205,7203,7201,7200,7199,7198,7197,7197,7195,7194,7191,7191,7188,7185,7184,7184,7184,7183,7182,7182,7181,7181,7181,7180,7179,7179,7178,7176,7176,7175,7175,7173,7173,7173,7172,7172,7172,7171,7171,7171,7170,7170,7166,7165,7165,7164,7162,7160,7158,7157,7154,7153,7153,7153,7151,7149,7149,7148,7148,7146,7146,7145,7144,7141,7140,7140,7140,7140,7140,7139,7139,7139,7139,7137,7137,7136,7136,7135,7135,7134,7133,7133,7132,7131,7131,7131,7130,7129,7128,7127,7126,7125,7124,7124,7124,7123,7122,7122,7121,7121,7121,7120,7120,7118,7117,7117,7116,7115,7115,7115,7115,7114,7111,7111,7110,7109,7109,7107,7106,7105,7104,7103,7102,7102,7100,7098,7095,7090,7089,7088,7087,7087,7086,7085,7085,7084,7084,7082,7081,7080,7078,7078,7078,7077,7076,7075,7075,7074,7072,7072,7072,7071,7071,7069,7068,7066,7066,7062,7062,7061,7061,7060,7056,7056,7054,7053,7052,7049,7048,7047,7046,7045,7045,7045,7044,7043,7042,7041,7040,7038,7038,7037,7036,7031,7028,7028,7027,7027,7027,7025,7021,7020,7019,7018,7016,7015,7015,7013,7012,7010,7010,7010,7009,7009,7008,7008,7006,7006,7006,7006,7005,7005,7001,7000,6999,6998,6997,6997,6996,6995,6995,6994,6993,6993,6993,6991,6991,6990,6989,6989,6987,6987,6987,6986,6986,6985,6985,6984,6984,6982,6982,6982,6981,6978,6976,6975,6975,6974,6974,6974,6973,6973,6973,6973,6971,6970,6969,6968,6968,6968,6967,6966,6966,6965,6965,6965,6964,6964,6960,6959,6959,6957,6957,6954,6953,6952,6951,6951,6950,6950,6950,6950,6949,6946,6943,6941,6941,6940,6939,6939,6939,6939,6938,6937,6936,6935,6935,6932,6931,6930,6930,6928,6928,6927,6927,6924,6924,6922,6920,6920,6919,6918,6918,6916,6916,6915,6914,6914,6913,6912,6909,6908,6908,6907,6906,6906,6906,6905,6903,6903,6901,6901,6900,6900,6900,6899,6899,6899,6899,6899,6898,6897,6897,6896,6896,6896,6895,6895,6892,6888,6887,6887,6887,6885,6882,6882,6881,6880,6879,6879,6878,6878,6878,6877,6875,6874,6874,6874,6874,6874,6872,6872,6872,6871,6869,6869,6868,6868,6867,6867,6866,6864,6863,6863,6862,6862,6862,6861,6860,6860,6859,6857,6856,6855,6854,6853,6853,6852,6852,6852,6851,6847,6847,6846,6845,6845,6844,6844,6844,6844,6843,6843,6842,6840,6839,6838,6838,6837,6836,6835,6835,6835,6835,6835,6834,6831,6828,6828,6827,6827,6826,6826,6825,6823,6823,6821,6820,6820,6819,6817,6817,6814,6813,6813,6812,6811,6810,6809,6805,6805,6804,6802,6801,6800,6800,6800,6799,6799,6799,6797,6796,6795,6794,6793,6792,6792,6792,6790,6789,6788,6787,6784,6783,6783,6783,6781,6780,6780,6779,6776,6775,6772,6771,6768,6766,6766,6765,6764,6762,6761,6761,6761,6761,6756,6755,6755,6753,6753,6751,6751,6750,6749,6747,6747,6747,6745,6745,6744,6743,6742,6738,6736,6735,6735,6735,6734,6732,6731,6729,6727,6726,6725,6724,6724,6724,6721,6720,6719,6719,6719,6715,6714,6714,6712,6712,6711,6709,6708,6707,6705,6705,6701,6701,6698,6696,6693,6692,6691,6690,6690,6689,6688,6688,6687,6685,6683,6681,6681,6680,6680,6679,6678,6675,6675,6675,6673,6672,6670,6670,6669,6667,6667,6665,6663,6662,6660,6659,6656,6655,6653,6652,6651,6650,6650,6650,6648,6647,6647,6644,6642,6642,6642,6642,6639,6636,6632,6632,6631,6629,6626,6625,6625,6625,6623,6620,6616,6613,6612,6611,6609,6609,6608,6608,6608,6606,6605,6602,6602,6602,6600,6598,6598,6594,6593,6590,6589,6581,6580,6575,6570,6569,6568,6560,6558,6555,6553,6552,6550,6549,6547,6542,6539,6537,6535,6532,6532,6530,6529,6529,6529,6527,6526,6524,6524,6523,6523,6518,6513,6513,6513,6501,6490,6488,6487,6486,6484,6478,6472,6459,6455,6452,6452,6441,6437,6436,6422,6420,6408,6406,6404,6393,6384,6382,6382,6380,6367,6360,6353,6351,6347,6314,6306,6302,6293,6284,6282,6254,6253,6249,6244,6242,6229,6214,6179,6078,5007,4908,4886,4870,4857,4846,4818,4775,4769,4755,4753,4746,4741,4730,4728,4721,4718,4713,4708,4702,4701,4699,4698,4692,4692,4676,4675,4674,4669,4659,4658,4655,4654,4652,4647,4647,4644,4642,4636,4633,4628,4618,4615,4614,4614,4611,4602,4597,4596,4594,4591,4590,4589,4588,4587,4586,4585,4584,4582,4581,4581,4577,4576,4575,4573,4568,4567,4566,4564,4562,4562,4560,4560,4560,4555,4553,4553,4552,4551,4550,4548,4545,4542,4541,4541,4541,4537,4533,4532,4531,4531,4528,4526,4525,4524,4523,4521,4520,4519,4517,4517,4516,4515,4512,4508,4508,4507,4505,4504,4502,4502,4499,4498,4497,4497,4496,4496,4491,4490,4485,4484,4483,4482,4482,4482,4480,4479,4479,4477,4476,4475,4473,4471,4471,4469,4467,4467,4465,4465,4465,4464,4461,4460,4460,4459,4458,4456,4455,4454,4454,4454,4452,4451,4450,4449,4447,4446,4445,4444,4442,4441,4441,4441,4439,4439,4438,4436,4436,4433,4433,4432,4431,4429,4428,4428,4428,4428,4427,4426,4426,4425,4420,4420,4419,4417,4416,4414,4413,4413,4412,4410,4406,4406,4404,4404,4404,4403,4403,4403,4403,4402,4401,4401,4401,4400,4399,4398,4397,4394,4394,4394,4393,4391,4391,4391,4391,4388,4388,4387,4385,4383,4383,4383,4379,4379,4379,4379,4378,4378,4378,4377,4376,4376,4375,4374,4373,4373,4372,4372,4372,4372,4371,4371,4370,4370,4369,4368,4368,4367,4367,4367,4366,4365,4365,4365,4364,4364,4363,4363,4361,4361,4360,4360,4359,4358,4357,4357,4356,4356,4355,4355,4355,4354,4354,4354,4353,4353,4353,4352,4351,4350,4348,4348,4348,4346,4346,4345,4345,4344,4344,4343,4343,4343,4341,4341,4341,4340,4339,4338,4338,4337,4337,4337,4336,4336,4336,4335,4334,4333,4333,4333,4333,4333,4333,4332,4332,4332,4331,4330,4329,4329,4329,4329,4328,4327,4326,4326,4325,4324,4324,4323,4323,4323,4323,4323,4322,4322,4321,4321,4319,4319,4319,4318,4317,4317,4316,4315,4312,4312,4311,4311,4310,4309,4309,4308,4307,4307,4307,4306,4306,4306,4304,4303,4303,4302,4302,4302,4301,4301,4300,4300,4300,4299,4299,4298,4298,4297,4297,4297,4294,4294,4293,4293,4292,4292,4292,4291,4291,4291,4290,4290,4290,4290,4290,4290,4289,4289,4288,4288,4286,4286,4286,4286,4286,4285,4285,4284,4284,4283,4283,4282,4282,4280,4280,4280,4279,4279,4279,4277,4277,4277,4277,4277,4276,4276,4275,4274,4274,4273,4271,4271,4271,4268,4268,4267,4267,4266,4263,4263,4263,4263,4262,4262,4261,4260,4260,4258,4258,4257,4257,4257,4256,4256,4255,4253,4253,4253,4253,4252,4252,4252,4252,4252,4252,4252,4251,4250,4248,4248,4247,4247,4247,4246,4246,4245,4245,4245,4244,4243,4243,4243,4243,4242,4242,4241,4241,4241,4241,4240,4240,4238,4238,4237,4237,4236,4236,4236,4236,4236,4235,4235,4234,4233,4232,4232,4232,4231,4229,4229,4229,4229,4228,4228,4227,4226,4226,4225,4225,4225,4225,4225,4225,4223,4223,4223,4222,4222,4222,4222,4220,4220,4220,4220,4219,4219,4218,4217,4217,4216,4216,4216,4216,4216,4216,4215,4215,4214,4214,4214,4214,4214,4213,4213,4212,4211,4211,4211,4210,4210,4209,4209,4208,4208,4207,4206,4206,4206,4205,4205,4204,4204,4203,4203,4203,4203,4202,4202,4201,4201,4201,4201,4200,4199,4199,4199,4198,4197,4197,4197,4197,4196,4196,4196,4196,4196,4195,4195,4194,4194,4194,4194,4193,4193,4192,4192,4192,4191,4190,4190,4189,4189,4189,4188,4188,4188,4187,4187,4186,4186,4186,4186,4185,4185,4184,4184,4184,4184,4183,4183,4183,4182,4182,4182,4182,4182,4181,4180,4180,4179,4179,4179,4178,4177,4177,4176,4176,4176,4176,4175,4175,4175,4174,4174,4174,4172,4172,4172,4172,4171,4171,4171,4171,4171,4170,4170,4170,4169,4169,4169,4169,4168,4168,4168,4167,4167,4167,4167,4166,4166,4166,4166,4165,4165,4165,4164,4164,4164,4163,4163,4163,4163,4162,4162,4162,4162,4162,4161,4161,4161,4161,4160,4160,4160,4159,4159,4158,4158,4158,4158,4158,4157,4156,4156,4156,4154,4154,4153,4153,4153,4153,4153,4152,4152,4152,4152,4152,4152,4151,4150,4150,4150,4149,4149,4149,4149,4148,4148,4148,4148,4148,4148,4147,4147,4146,4146,4146,4145,4145,4144,4143,4143,4143,4142,4142,4142,4141,4141,4141,4140,4140,4140,4139,4139,4139,4138,4137,4137,4137,4137,4137,4137,4136,4136,4136,4136,4135,4135,4135,4135,4134,4134,4134,4134,4134,4134,4133,4133,4133,4132,4131,4131,4131,4130,4130,4130,4130,4130,4129,4129,4128,4128,4127,4127,4127,4127,4127,4127,4126,4126,4126,4126,4125,4125,4124,4123,4123,4123,4122,4122,4122,4121,4121,4121,4120,4120,4119,4119,4119,4119,4118,4118,4117,4116,4116,4115,4115,4115,4115,4115,4113,4112,4112,4111,4111,4111,4111,4110,4110,4109,4109,4109,4108,4108,4108,4108,4108,4108,4106,4106,4106,4105,4105,4105,4104,4104,4104,4104,4104,4101,4101,4101,4100,4100,4099,4099,4099,4099,4098,4098,4097,4097,4097,4097,4096,4096,4096,4095,4094,4094,4094,4093,4093,4092,4092,4091,4090,4090,4089,4088,4087,4087,4087,4086,4086,4086,4085,4085,4084,4083,4083,4083,4083,4082,4082,4082,4081,4080,4080,4080,4079,4079,4078,4078,4078,4078,4078,4077,4077,4077,4077,4077,4076,4076,4076,4075,4075,4075,4074,4073,4073,4073,4072,4072,4071,4071,4070,4070,4070,4070,4070,4070,4069,4068,4068,4068,4068,4067,4067,4066,4066,4066,4065,4065,4065,4064,4064,4063,4063,4063,4062,4062,4061,4061,4061,4060,4060,4059,4059,4059,4059,4058,4058,4058,4057,4057,4057,4057,4057,4056,4056,4056,4056,4055,4055,4055,4055,4055,4055,4054,4054,4054,4053,4053,4053,4053,4052,4052,4052,4051,4051,4051,4051,4050,4050,4050,4049,4049,4049,4049,4049,4048,4048,4048,4048,4048,4047,4047,4047,4047,4047,4047,4046,4046,4045,4045,4045,4045,4045,4045,4044,4044,4043,4043,4042,4042,4042,4042,4041,4041,4041,4041,4041,4040,4040,4040,4040,4040,4039,4039,4039,4039,4039,4038,4038,4038,4037,4037,4037,4037,4036,4036,4035,4035,4035,4034,4034,4034,4034,4033,4033,4033,4033,4032,4032,4032,4032,4032,4032,4031,4031,4031,4031,4031,4031,4030,4030,4030,4030,4030,4030,4029,4029,4029,4029,4028,4028,4028,4028,4027,4027,4027,4027,4027,4027,4026,4026,4025,4025,4025,4025,4025,4025,4024,4023,4023,4023,4023,4023,4023,4022,4022,4022,4022,4021,4020,4020,4020,4019,4019,4019,4019,4019,4019,4018,4018,4018,4018,4017,4017,4016,4015,4015,4015,4015,4015,4014,4014,4014,4014,4014,4014,4013,4013,4013,4012,4012,4012,4012,4012,4011,4011,4011,4011,4010,4010,4010,4010,4010,4010,4009,4009,4009,4008,4008,4008,4008,4008,4007,4007,4007,4006,4006,4005,4005,4005,4004,4004,4004,4003,4003,4002,4002,4001,4000,4000,4000,4000,4000,3999,3999,3999,3999,3998,3998,3997,3997,3997,3997,3996,3996,3996,3996,3996,3996,3996,3995,3995,3995,3995,3995,3994,3994,3994,3993,3993,3992,3992,3991,3991,3990,3990,3989,3989,3989,3989,3987,3987,3986,3986,3985,3984,3984,3984,3984,3983,3983,3983,3983,3983,3982,3982,3982,3982,3981,3981,3980,3980,3980,3980,3980,3979,3979,3979,3978,3978,3978,3977,3976,3974,3974,3974,3974,3974,3974,3974,3973,3973,3973,3973,3972,3972,3972,3972,3971,3970,3970,3970,3970,3970,3970,3970,3970,3970,3970,3969,3969,3969,3968,3968,3968,3968,3968,3968,3968,3968,3967,3967,3967,3966,3966,3965,3964,3964,3964,3963,3963,3963,3963,3962,3962,3962,3962,3961,3961,3961,3961,3961,3961,3960,3960,3960,3960,3959,3959,3958,3958,3958,3958,3958,3957,3957,3956,3956,3956,3956,3956,3956,3956,3956,3955,3955,3955,3954,3954,3954,3954,3954,3954,3953,3953,3953,3953,3953,3952,3952,3951,3951,3951,3950,3950,3950,3950,3950,3950,3950,3949,3949,3949,3949,3949,3948,3948,3948,3948,3947,3947,3947,3947,3947,3946,3946,3946,3945,3945,3945,3945,3944,3944,3943,3943,3943,3943,3942,3941,3941,3941,3940,3940,3940,3939,3939,3939,3939,3938,3938,3938,3937,3937,3937,3937,3937,3937,3936,3935,3935,3935,3935,3935,3934,3934,3933,3933,3933,3932,3932,3932,3931,3931,3931,3930,3930,3930,3930,3929,3929,3929,3929,3928,3928,3928,3928,3927,3927,3927,3927,3927,3927,3926,3926,3926,3926,3926,3925,3925,3925,3925,3924,3924,3924,3924,3924,3923,3923,3923,3923,3923,3921,3921,3921,3921,3921,3921,3920,3920,3919,3918,3917,3917,3917,3916,3916,3916,3916,3916,3916,3915,3915,3914,3914,3914,3914,3913,3913,3913,3913,3913,3913,3912,3912,3912,3912,3911,3910,3910,3910,3910,3910,3909,3909,3909,3908,3908,3908,3908,3908,3907,3907,3907,3907,3907,3906,3906,3906,3906,3906,3906,3905,3905,3905,3904,3904,3903,3903,3903,3903,3903,3902,3902,3902,3902,3902,3902,3902,3902,3901,3901,3900,3900,3900,3900,3900,3900,3900,3899,3899,3899,3899,3899,3898,3898,3898,3898,3898,3898,3897,3897,3897,3897,3896,3896,3896,3896,3895,3894,3894,3894,3894,3893,3893,3893,3892,3892,3892,3892,3891,3891,3891,3891,3891,3890,3890,3889,3889,3889,3889,3888,3888,3887,3887,3887,3887,3886,3886,3885,3884,3884,3883,3883,3883,3883,3882,3881,3880,3880,3880,3880,3880,3879,3879,3879,3879,3879,3879,3879,3878,3878,3878,3877,3877,3877,3877,3876,3876,3876,3876,3876,3876,3875,3875,3875,3874,3874,3873,3873,3873,3873,3872,3871,3871,3871,3870,3870,3870,3870,3869,3869,3869,3869,3869,3868,3868,3868,3868,3868,3867,3867,3867,3867,3867,3867,3866,3866,3866,3866,3866,3866,3865,3865,3865,3865,3865,3865,3865,3864,3863,3863,3862,3862,3862,3861,3861,3861,3860,3859,3859,3859,3859,3859,3859,3858,3858,3858,3858,3857,3857,3857,3857,3857,3857,3857,3856,3856,3855,3855,3855,3855,3853,3853,3853,3852,3852,3851,3851,3851,3851,3851,3851,3851,3850,3850,3850,3849,3849,3849,3849,3849,3848,3848,3848,3848,3847,3847,3846,3846,3846,3846,3846,3845,3845,3845,3844,3843,3843,3843,3842,3842,3842,3842,3842,3841,3841,3841,3841,3841,3839,3839,3839,3838,3837,3837,3837,3837,3836,3835,3835,3834,3834,3834,3834,3833,3833,3833,3833,3832,3832,3832,3832,3832,3831,3831,3830,3830,3830,3830,3830,3830,3829,3829,3829,3829,3828,3828,3828,3827,3827,3827,3826,3826,3826,3826,3825,3825,3825,3824,3824,3824,3824,3824,3823,3823,3823,3823,3822,3822,3822,3822,3822,3821,3821,3821,3821,3821,3821,3820,3820,3819,3819,3819,3818,3818,3817,3817,3816,3815,3815,3815,3815,3814,3814,3814,3814,3813,3813,3813,3812,3812,3811,3811,3810,3810,3810,3810,3809,3809,3809,3808,3807,3807,3806,3806,3806,3806,3805,3805,3805,3804,3804,3803,3803,3803,3802,3802,3802,3801,3801,3801,3801,3800,3800,3800,3800,3799,3799,3799,3799,3798,3798,3798,3798,3798,3797,3796,3795,3795,3794,3794,3793,3792,3792,3792,3792,3791,3790,3789,3789,3789,3789,3788,3788,3788,3788,3787,3787,3787,3787,3786,3785,3785,3785,3785,3785,3785,3784,3784,3783,3783,3783,3783,3782,3782,3781,3780,3779,3779,3779,3779,3779,3777,3776,3776,3776,3776,3775,3775,3775,3774,3774,3774,3773,3773,3773,3773,3772,3772,3772,3770,3770,3770,3770,3769,3769,3769,3769,3769,3769,3769,3768,3767,3767,3767,3766,3765,3765,3765,3763,3763,3763,3762,3762,3762,3761,3761,3760,3760,3760,3759,3759,3759,3759,3758,3758,3758,3757,3757,3756,3756,3756,3756,3755,3755,3755,3755,3755,3755,3754,3754,3754,3753,3753,3753,3752,3752,3752,3752,3752,3752,3752,3752,3752,3751,3751,3751,3750,3750,3750,3749,3748,3748,3748,3748,3747,3747,3747,3745,3745,3744,3744,3744,3744,3744,3743,3742,3742,3741,3741,3741,3741,3740,3739,3739,3739,3739,3738,3737,3737,3737,3736,3736,3735,3735,3733,3732,3731,3731,3731,3731,3731,3729,3729,3729,3728,3727,3727,3726,3726,3725,3724,3724,3723,3723,3723,3723,3722,3722,3722,3721,3721,3721,3720,3720,3720,3719,3717,3717,3717,3715,3715,3715,3715,3715,3715,3714,3714,3714,3714,3714,3713,3713,3712,3712,3712,3711,3711,3711,3710,3710,3710,3710,3710,3709,3709,3709,3709,3709,3707,3707,3707,3707,3707,3707,3706,3705,3704,3704,3704,3703,3703,3702,3701,3700,3700,3699,3699,3699,3699,3699,3698,3698,3698,3698,3698,3698,3697,3697,3697,3696,3696,3695,3695,3695,3694,3694,3693,3691,3691,3690,3689,3689,3689,3688,3688,3688,3687,3686,3686,3686,3685,3685,3684,3684,3684,3683,3683,3682,3682,3682,3682,3682,3681,3681,3681,3681,3679,3679,3679,3678,3678,3677,3676,3676,3676,3676,3676,3676,3675,3675,3675,3674,3672,3672,3672,3671,3671,3670,3669,3669,3669,3668,3668,3667,3667,3667,3666,3666,3666,3666,3665,3665,3664,3664,3663,3663,3663,3663,3663,3662,3662,3662,3662,3662,3661,3661,3661,3660,3660,3659,3658,3658,3658,3657,3657,3657,3657,3657,3657,3657,3656,3656,3656,3655,3655,3654,3653,3653,3652,3652,3651,3650,3650,3650,3649,3648,3647,3647,3646,3646,3646,3645,3645,3644,3644,3642,3642,3641,3641,3641,3638,3637,3636,3636,3636,3635,3634,3633,3633,3632,3630,3630,3629,3629,3627,3627,3626,3626,3622,3621,3621,3621,3621,3620,3620,3619,3619,3619,3619,3619,3617,3617,3617,3617,3617,3617,3616,3615,3615,3614,3613,3613,3613,3613,3612,3612,3611,3611,3610,3610,3609,3609,3609,3607,3607,3606,3606,3606,3606,3605,3605,3604,3604,3603,3603,3603,3602,3602,3602,3602,3601,3601,3601,3600,3600,3600,3598,3598,3598,3596,3594,3594,3594,3592,3592,3590,3588,3587,3587,3587,3586,3585,3585,3584,3583,3582,3582,3582,3581,3580,3579,3579,3578,3577,3577,3576,3576,3575,3574,3574,3572,3572,3571,3570,3570,3570,3569,3568,3568,3567,3566,3566,3566,3566,3565,3565,3564,3563,3563,3562,3561,3560,3560,3559,3558,3557,3557,3557,3556,3556,3556,3555,3555,3555,3555,3554,3553,3552,3551,3549,3549,3548,3545,3545,3544,3544,3543,3542,3542,3542,3542,3541,3540,3538,3537,3537,3531,3530,3530,3530,3529,3527,3525,3525,3524,3523,3523,3522,3521,3520,3520,3518,3517,3515,3514,3514,3514,3514,3514,3513,3513,3509,3509,3509,3509,3507,3507,3507,3504,3501,3500,3500,3499,3499,3497,3496,3496,3495,3495,3491,3491,3491,3490,3490,3490,3489,3489,3488,3487,3486,3486,3486,3486,3485,3485,3485,3484,3484,3484,3483,3481,3480,3479,3478,3478,3474,3474,3473,3473,3466,3464,3462,3462,3460,3459,3459,3457,3457,3456,3455,3452,3452,3451,3449,3449,3449,3447,3446,3445,3437,3436,3435,3432,3430,3428,3428,3427,3426,3425,3423,3423,3422,3420,3419,3418,3417,3417,3417,3417,3416,3416,3414,3412,3411,3407,3405,3400,3400,3399,3399,3398,3391,3390,3386,3385,3383,3383,3382,3381,3381,3380,3380,3379,3379,3378,3376,3374,3373,3373,3373,3373,3371,3368,3366,3365,3365,3362,3361,3359,3357,3357,3356,3356,3355,3351,3349,3347,3347,3346,3345,3344,3340,3336,3333,3330,3328,3325,3324,3321,3319,3317,3311,3311,3308,3303,3298,3296,3296,3295,3284,3282,3280,3278,3273,3271,3265,3264,3263,3262,3262,3260,3259,3259,3258,3256,3255,3252,3248,3245,3244,3242,3241,3239,3235,3235,3233,3231,3222,3220,3220,3219,3219,3214,3213,3210,3209,3206,3204,3203,3201,3200,3194,3187,3185,3183,3182,3177,3174,3174,3173,3173,3172,3170,3167,3167,3164,3163,3163,3163,3161,3157,3155,3154,3154,3153,3147,3145,3144,3137,3137,3132,3132,3132,3129,3128,3125,3124,3121,3121,3121,3118,3118,3115,3114,3109,3109,3104,3103,3102,3100,3099,3098,3097,3097,3096,3091,3090,3089,3088,3087,3084,3083,3081,3080,3080,3079,3079,3077,3075,3075,3074,3070,3070,3068,3067,3066,3065,3065,3064,3063,3060,3059,3059,3053,3052,3051,3050,3047,3047,3046,3044,3044,3042,3042,3041,3040,3038,3037,3037,3037,3036,3035,3035,3034,3031,3028,3028,3027,3026,3025,3025,3023,3022,3021,3018,3016,3014,3014,3013,3012,3009,3008,3008,3008,3008,3008,3007,3003,2999,2999,2997,2996,2994,2993,2992,2992,2991,2991,2991,2990,2990,2987,2986,2983,2983,2983,2983,2981,2979,2977,2975,2974,2973,2973,2972,2972,2971,2970,2969,2969,2967,2966,2966,2965,2961,2960,2959,2957,2957,2955,2954,2954,2954,2952,2951,2950,2949,2949,2948,2947,2947,2946,2946,2945,2945,2944,2943,2943,2943,2942,2941,2940,2939,2937,2936,2936,2936,2935,2935,2934,2933,2931,2930,2929,2929,2929,2928,2928,2928,2927,2927,2926,2926,2925,2924,2922,2921,2921,2920,2920,2919,2919,2919,2918,2918,2917,2917,2914,2912,2912,2912,2912,2911,2910,2910,2910,2909,2908,2907,2905,2905,2904,2904,2903,2903,2902,2902,2902,2902,2901,2900,2900,2899,2899,2898,2897,2896,2896,2895,2895,2894,2893,2893,2892,2891,2891,2889,2889,2888,2888,2887,2887,2887,2886,2886,2885,2884,2884,2883,2881,2881,2881,2881,2880,2879,2878,2877,2877,2877,2876,2876,2875,2875,2875,2875,2874,2874,2872,2871,2871,2870,2870,2869,2865,2865,2864,2861,2861,2860,2858,2858,2858,2857,2857,2855,2855,2854,2854,2854,2853,2853,2852,2852,2850,2850,2850,2850,2849,2849,2849,2849,2848,2848,2847,2844,2844,2843,2843,2843,2842,2842,2842,2841,2839,2839,2839,2838,2838,2838,2838,2836,2836,2835,2835,2834,2834,2834,2834,2834,2832,2832,2832,2831,2831,2830,2830,2829,2829,2829,2828,2828,2828,2827,2826,2826,2825,2825,2824,2824,2823,2823,2823,2822,2822,2821,2820,2820,2819,2817,2817,2817,2817,2817,2816,2815,2815,2815,2815,2815,2815,2814,2814,2814,2813,2813,2812,2811,2811,2810,2810,2810,2809,2809,2808,2808,2807,2806,2806,2806,2804,2804,2804,2804,2803,2803,2803,2803,2802,2802,2802,2802,2801,2801,2800,2800,2800,2799,2799,2799,2798,2797,2797,2797,2796,2796,2796,2794,2794,2793,2792,2792,2791,2791,2791,2790,2789,2789,2789,2788,2788,2788,2786,2786,2785,2785,2785,2785,2785,2784,2784,2784,2782,2782,2781,2781,2780,2779,2779,2779,2779,2779,2778,2778,2777,2777,2777,2777,2777,2776,2775,2775,2774,2773,2772,2772,2772,2771,2771,2771,2771,2770,2770,2770,2770,2770,2769,2769,2768,2768,2768,2767,2767,2767,2766,2765,2765,2765,2764,2763,2763,2762,2762,2762,2761,2761,2760,2760,2759,2759,2759,2758,2758,2757,2756,2754,2754,2754,2754,2753,2753,2752,2752,2751,2750,2750,2749,2748,2748,2748,2748,2747,2747,2746,2746,2745,2745,2745,2744,2744,2743,2743,2743,2742,2742,2741,2741,2740,2740,2740,2740,2740,2739,2739,2738,2738,2738,2736,2735,2735,2734,2734,2733,2733,2733,2730,2730,2730,2729,2729,2728,2728,2726,2725,2725,2725,2725,2724,2724,2723,2723,2722,2722,2721,2721,2721,2721,2721,2721,2720,2720,2719,2719,2719,2719,2717,2717,2716,2716,2715,2715,2715,2715,2715,2715,2714,2714,2714,2713,2713,2713,2713,2713,2712,2712,2711,2711,2710,2709,2709,2709,2708,2707,2707,2707,2706,2706,2706,2706,2705,2705,2704,2704,2704,2704,2704,2703,2703,2703,2702,2702,2702,2702,2702,2702,2701,2701,2701,2701,2700,2699,2699,2699,2699,2698,2698,2698,2698,2698,2697,2697,2696,2696,2696,2695,2695,2694,2694,2693,2693,2692,2692,2691,2691,2691,2690,2690,2690,2690,2689,2689,2688,2688,2688,2687,2687,2687,2687,2687,2687,2685,2685,2685,2684,2684,2684,2684,2683,2683,2683,2683,2682,2682,2681,2681,2681,2680,2679,2679,2679,2677,2677,2676,2675,2675,2675,2674,2674,2674,2674,2673,2672,2672,2672,2671,2671,2671,2671,2670,2669,2669,2669,2669,2668,2667,2666,2665,2664,2663,2663,2662,2662,2662,2662,2661,2661,2660,2660,2659,2659,2659,2659,2657,2657,2657,2656,2656,2654,2654,2652,2652,2652,2652,2652,2651,2651,2651,2651,2651,2651,2651,2650,2650,2649,2649,2648,2648,2648,2648,2647,2647,2647,2647,2647,2646,2646,2646,2645,2644,2644,2644,2644,2643,2643,2642,2642,2641,2641,2641,2641,2640,2640,2640,2639,2639,2638,2638,2638,2637,2637,2637,2637,2636,2636,2635,2635,2635,2635,2635,2634,2634,2634,2634,2634,2633,2633,2633,2632,2631,2631,2631,2630,2630,2630,2630,2630,2629,2628,2628,2627,2627,2627,2627,2627,2626,2626,2626,2625,2625,2624,2623,2623,2623,2622,2622,2622,2622,2622,2622,2622,2621,2621,2620,2620,2620,2618,2618,2618,2618,2618,2617,2617,2617,2617,2617,2616,2615,2615,2614,2614,2614,2614,2614,2614,2614,2614,2613,2613,2613,2613,2612,2612,2612,2612,2612,2611,2610,2609,2609,2608,2608,2607,2607,2607,2607,2606,2606,2606,2606,2606,2606,2606,2605,2605,2604,2604,2604,2604,2603,2603,2603,2603,2602,2602,2602,2602,2602,2601,2601,2601,2601,2600,2600,2600,2600,2600,2599,2599,2599,2598,2598,2597,2597,2597,2596,2596,2596,2595,2595,2595,2594,2594,2593,2593,2593,2592,2591,2591,2591,2591,2591,2590,2590,2590,2589,2589,2588,2588,2588,2588,2587,2586,2586,2585,2585,2585,2584,2584,2584,2584,2584,2584,2583,2583,2583,2582,2582,2582,2582,2581,2581,2581,2581,2581,2580,2580,2579,2578,2578,2577,2577,2577,2576,2576,2576,2576,2576,2575,2575,2575,2575,2575,2574,2574,2574,2574,2574,2573,2573,2573,2572,2572,2572,2571,2571,2571,2570,2570,2570,2569,2569,2569,2569,2569,2569,2568,2568,2568,2568,2568,2568,2568,2567,2567,2567,2566,2565,2565,2565,2564,2564,2564,2564,2564,2564,2564,2563,2563,2561,2561,2561,2560,2560,2560,2560,2559,2559,2559,2558,2558,2558,2558,2557,2556,2556,2556,2555,2555,2555,2555,2554,2554,2554,2554,2554,2554,2553,2553,2552,2552,2552,2552,2552,2552,2552,2552,2551,2551,2549,2548,2547,2547,2547,2547,2546,2546,2546,2546,2545,2544,2543,2543,2543,2543,2542,2542,2542,2542,2541,2541,2541,2541,2541,2541,2540,2539,2539,2539,2539,2539,2539,2539,2539,2539,2539,2537,2537,2537,2537,2537,2536,2536,2536,2535,2534,2533,2533,2533,2532,2532,2532,2532,2532,2532,2532,2531,2531,2531,2531,2530,2530,2530,2529,2529,2529,2529,2528,2528,2528,2528,2527,2525,2525,2525,2525,2525,2524,2524,2524,2524,2524,2524,2523,2523,2523,2522,2522,2522,2521,2521,2521,2520,2519,2518,2517,2517,2517,2517,2516,2516,2516,2516,2515,2515,2515,2514,2514,2514,2513,2513,2513,2512,2511,2511,2511,2511,2511,2510,2510,2510,2509,2509,2508,2508,2508,2508,2507,2507,2507,2506,2506,2505,2505,2504,2504,2504,2504,2503,2503,2503,2502,2502,2501,2501,2499,2499,2499,2499,2499,2499,2498,2498,2497,2496,2496,2496,2496,2496,2496,2496,2496,2495,2495,2494,2494,2494,2494,2494,2493,2493,2493,2492,2492,2492,2492,2491,2491,2491,2490,2490,2490,2489,2489,2488,2488,2488,2488,2487,2487,2487,2486,2486,2485,2485,2484,2484,2484,2484,2483,2483,2482,2482,2481,2481,2481,2480,2479,2479,2479,2479,2479,2478,2478,2478,2478,2478,2478,2478,2478,2477,2477,2477,2477,2477,2477,2476,2475,2474,2474,2474,2474,2474,2473,2473,2473,2472,2472,2471,2471,2471,2470,2470,2470,2469,2469,2469,2469,2469,2468,2468,2468,2467,2466,2466,2466,2466,2465,2464,2464,2463,2463,2463,2463,2462,2462,2462,2461,2461,2461,2461,2461,2461,2460,2460,2460,2460,2459,2459,2459,2459,2459,2459,2458,2458,2458,2458,2457,2457,2457,2457,2456,2456,2456,2455,2455,2455,2454,2454,2454,2454,2453,2453,2453,2453,2453,2453,2451,2451,2451,2450,2450,2450,2449,2449,2449,2448,2447,2447,2446,2446,2446,2445,2445,2445,2444,2444,2444,2443,2443,2443,2443,2443,2443,2443,2443,2442,2441,2441,2441,2440,2440,2440,2440,2440,2440,2439,2439,2439,2437,2437,2437,2437,2436,2436,2436,2435,2434,2434,2433,2433,2433,2433,2433,2432,2432,2432,2432,2431,2431,2431,2431,2431,2430,2430,2429,2429,2427,2426,2425,2425,2425,2425,2425,2424,2424,2423,2423,2423,2423,2423,2423,2422,2422,2422,2422,2421,2421,2421,2421,2420,2419,2419,2419,2418,2418,2418,2417,2417,2416,2416,2415,2415,2415,2414,2414,2414,2414,2414,2414,2414,2413,2413,2413,2412,2412,2411,2411,2411,2410,2410,2410,2410,2410,2409,2409,2409,2409,2409,2409,2409,2408,2408,2408,2408,2407,2407,2407,2406,2405,2405,2404,2404,2404,2404,2403,2403,2403,2403,2403,2403,2402,2402,2402,2402,2402,2402,2401,2401,2401,2400,2400,2400,2400,2399,2399,2398,2398,2398,2398,2398,2397,2397,2397,2397,2396,2396,2396,2396,2395,2395,2395,2394,2394,2394,2394,2394,2393,2393,2393,2393,2393,2392,2392,2392,2392,2391,2391,2391,2390,2390,2390,2390,2389,2389,2389,2389,2389,2389,2388,2388,2388,2388,2388,2387,2387,2387,2387,2387,2386,2386,2386,2385,2385,2384,2384,2384,2383,2382,2382,2381,2381,2381,2381,2380,2380,2380,2379,2379,2379,2378,2378,2378,2378,2377,2377,2377,2377,2376,2376,2376,2375,2375,2375,2375,2374,2374,2374,2374,2372,2372,2371,2371,2371,2371,2370,2370,2370,2369,2369,2369,2369,2368,2368,2368,2368,2367,2367,2366,2366,2365,2365,2365,2365,2364,2364,2363,2363,2363,2363,2363,2363,2362,2362,2362,2361,2361,2361,2361,2360,2359,2359,2359,2359,2359,2358,2358,2358,2358,2358,2357,2357,2357,2357,2356,2356,2355,2355,2355,2355,2355,2355,2354,2354,2354,2354,2354,2353,2353,2353,2353,2352,2352,2352,2352,2352,2351,2350,2350,2350,2350,2349,2349,2349,2349,2348,2348,2348,2347,2346,2346,2346,2346,2344,2344,2343,2343,2342,2342,2342,2342,2342,2341,2341,2341,2340,2340,2340,2340,2339,2339,2339,2339,2338,2337,2337,2337,2336,2336,2336,2334,2334,2334,2333,2333,2333,2332,2332,2332,2332,2332,2331,2331,2331,2330,2330,2329,2328,2328,2328,2328,2328,2327,2327,2327,2327,2325,2324,2324,2324,2324,2323,2323,2322,2322,2322,2321,2321,2320,2320,2320,2319,2318,2318,2318,2318,2318,2318,2317,2317,2317,2317,2317,2317,2317,2316,2316,2316,2315,2315,2315,2315,2315,2315,2315,2314,2314,2314,2314,2314,2313,2313,2313,2313,2312,2312,2312,2311,2311,2311,2311,2310,2310,2309,2309,2309,2309,2309,2309,2309,2309,2308,2308,2307,2307,2307,2306,2305,2305,2305,2304,2304,2304,2304,2303,2303,2303,2303,2303,2302,2302,2302,2301,2301,2301,2300,2300,2300,2300,2299,2298,2297,2296,2295,2295,2294,2294,2294,2293,2292,2291,2291,2290,2290,2289,2289,2289,2288,2288,2287,2287,2287,2287,2287,2286,2286,2286,2286,2286,2286,2286,2285,2285,2285,2285,2284,2284,2283,2283,2282,2281,2281,2281,2280,2280,2279,2279,2279,2279,2278,2278,2278,2278,2277,2277,2277,2277,2276,2276,2276,2276,2275,2275,2274,2274,2274,2273,2273,2272,2272,2272,2272,2272,2271,2270,2270,2270,2269,2269,2269,2269,2268,2268,2268,2268,2266,2266,2266,2265,2265,2264,2264,2264,2263,2263,2263,2262,2262,2262,2262,2262,2262,2262,2262,2262,2261,2261,2261,2261,2261,2260,2260,2259,2259,2259,2258,2258,2258,2258,2257,2257,2257,2256,2256,2256,2255,2255,2255,2255,2254,2254,2254,2253,2253,2253,2252,2252,2250,2250,2250,2250,2249,2249,2248,2248,2248,2248,2248,2248,2247,2247,2247,2247,2246,2246,2246,2246,2245,2245,2244,2244,2244,2243,2243,2242,2240,2239,2237,2237,2236,2236,2236,2236,2236,2235,2235,2235,2235,2235,2234,2234,2233,2233,2232,2232,2232,2232,2231,2231,2231,2231,2231,2231,2229,2228,2228,2228,2227,2227,2227,2225,2224,2224,2224,2224,2223,2223,2223,2222,2222,2222,2222,2221,2221,2220,2220,2220,2220,2220,2219,2219,2217,2216,2216,2215,2215,2215,2215,2214,2214,2213,2212,2212,2212,2212,2212,2211,2211,2211,2211,2210,2210,2209,2209,2209,2208,2208,2208,2208,2207,2206,2205,2203,2203,2199,2199,2199,2198,2197,2197,2197,2197,2196,2196,2195,2195,2195,2194,2193,2193,2193,2192,2192,2192,2192,2191,2191,2191,2189,2189,2189,2188,2188,2188,2187,2187,2187,2187,2186,2186,2186,2185,2185,2185,2185,2183,2183,2182,2181,2181,2181,2181,2180,2180,2180,2179,2179,2178,2178,2178,2178,2178,2178,2177,2177,2176,2175,2175,2175,2174,2174,2174,2172,2172,2172,2172,2172,2171,2171,2170,2170,2169,2169,2168,2167,2167,2166,2166,2166,2166,2165,2165,2164,2163,2163,2162,2161,2161,2161,2160,2159,2158,2158,2158,2156,2154,2153,2153,2152,2152,2151,2151,2151,2151,2150,2150,2149,2149,2149,2149,2148,2148,2147,2147,2147,2147,2146,2146,2145,2145,2145,2145,2145,2145,2144,2144,2144,2144,2143,2143,2142,2142,2142,2141,2141,2141,2141,2140,2139,2139,2139,2139,2139,2139,2138,2138,2137,2137,2136,2136,2135,2135,2135,2135,2134,2133,2132,2132,2132,2132,2130,2130,2130,2130,2129,2127,2127,2126,2126,2124,2124,2123,2123,2123,2122,2121,2120,2120,2119,2119,2119,2118,2116,2116,2116,2115,2115,2113,2112,2112,2112,2112,2111,2110,2110,2110,2110,2109,2108,2107,2107,2106,2106,2106,2105,2105,2105,2105,2104,2104,2103,2101,2101,2101,2100,2100,2099,2098,2098,2098,2098,2098,2098,2097,2096,2096,2095,2095,2094,2093,2093,2092,2091,2091,2091,2091,2090,2090,2089,2088,2088,2087,2087,2086,2086,2085,2084,2084,2084,2083,2082,2082,2082,2081,2080,2080,2076,2076,2076,2075,2075,2074,2074,2074,2073,2072,2071,2070,2070,2070,2070,2069,2069,2069,2068,2066,2066,2066,2065,2063,2062,2061,2061,2061,2061,2060,2059,2056,2053,2053,2052,2051,2051,2050,2049,2049,2048,2048,2048,2048,2048,2047,2047,2047,2046,2045,2045,2045,2045,2045,2044,2043,2043,2042,2042,2041,2041,2040,2037,2036,2035,2035,2034,2033,2033,2032,2032,2031,2030,2029,2028,2028,2028,2028,2027,2025,2025,2024,2024,2022,2020,2020,2019,2018,2017,2017,2017,2017,2015,2014,2014,2013,2011,2011,2010,2009,2008,2007,2006,2005,2005,2005,2004,2004,2003,2003,2002,2002,2001,2000,1999,1999,1999,1999,1998,1996,1996,1995,1994,1993,1992,1992,1992,1992,1991,1991,1991,1990,1988,1986,1985,1985,1985,1984,1984,1984,1984,1983,1981,1981,1980,1979,1979,1978,1978,1975,1975,1974,1974,1972,1971,1970,1970,1969,1969,1968,1967,1967,1965,1964,1963,1960,1960,1960,1958,1958,1958,1958,1957,1956,1955,1954,1953,1951,1951,1950,1950,1949,1949,1949,1948,1948,1947,1947,1947,1946,1945,1944,1944,1943,1942,1942,1941,1941,1937,1936,1936,1936,1935,1935,1934,1934,1933,1932,1932,1932,1932,1931,1931,1929,1929,1929,1929,1928,1925,1925,1925,1924,1924,1923,1923,1923,1923,1923,1922,1922,1920,1920,1920,1919,1917,1915,1915,1914,1914,1912,1912,1911,1911,1910,1910,1909,1909,1908,1908,1907,1905,1904,1902,1901,1900,1899,1898,1898,1897,1897,1897,1895,1894,1893,1891,1889,1888,1888,1886,1885,1885,1884,1882,1882,1882,1879,1878,1878,1878,1877,1877,1874,1874,1873,1873,1872,1872,1872,1871,1871,1871,1870,1870,1869,1869,1867,1867,1866,1863,1862,1862,1862,1861,1861,1860,1859,1859,1859,1859,1858,1858,1857,1857,1856,1856,1855,1854,1854,1854,1852,1849,1848,1848,1848,1848,1848,1846,1846,1845,1845,1845,1843,1842,1841,1841,1840,1839,1838,1836,1833,1833,1833,1832,1830,1829,1827,1826,1826,1826,1826,1826,1825,1824,1824,1824,1823,1823,1822,1822,1821,1821,1820,1820,1819,1818,1818,1818,1817,1817,1817,1816,1815,1815,1815,1814,1814,1814,1814,1814,1814,1813,1813,1812,1812,1811,1811,1811,1809,1808,1808,1807,1807,1807,1807,1807,1807,1805,1805,1805,1805,1805,1803,1802,1802,1802,1801,1801,1801,1800,1799,1798,1797,1797,1796,1796,1795,1795,1794,1794,1793,1793,1792,1791,1790,1790,1790,1787,1786,1785,1782,1782,1782,1781,1781,1780,1779,1778,1778,1778,1777,1776,1776,1775,1775,1775,1774,1774,1773,1773,1773,1770,1769,1769,1769,1769,1769,1768,1768,1768,1768,1767,1767,1767,1766,1765,1764,1764,1764,1763,1763,1763,1763,1762,1762,1762,1761,1759,1759,1759,1758,1758,1757,1757,1757,1756,1756,1756,1754,1753,1753,1752,1752,1752,1751,1751,1751,1751,1750,1749,1747,1747,1747,1747,1747,1746,1745,1745,1744,1743,1743,1743,1742,1741,1741,1741,1741,1741,1740,1739,1739,1738,1738,1737,1737,1736,1736,1736,1735,1735,1734,1734,1732,1732,1730,1730,1730,1729,1729,1727,1726,1725,1725,1725,1723,1723,1723,1722,1722,1721,1721,1721,1719,1718,1718,1718,1718,1718,1718,1718,1717,1717,1716,1716,1715,1715,1715,1714,1714,1714,1714,1713,1713,1713,1711,1711,1711,1711,1711,1710,1710,1710,1709,1709,1708,1707,1707,1707,1706,1706,1706,1706,1706,1705,1705,1704,1704,1702,1702,1702,1701,1701,1699,1699,1699,1698,1698,1698,1698,1697,1697,1697,1696,1695,1694,1693,1692,1692,1691,1691,1690,1690,1689,1688,1687,1687,1686,1685,1685,1685,1685,1685,1684,1683,1682,1682,1682,1682,1682,1681,1680,1679,1678,1677,1677,1677,1677,1677,1677,1677,1676,1674,1674,1673,1672,1672,1671,1671,1670,1670,1670,1670,1669,1669,1669,1669,1669,1668,1667,1666,1666,1666,1666,1666,1665,1665,1665,1665,1664,1664,1664,1664,1663,1663,1663,1663,1662,1661,1661,1660,1659,1659,1658,1658,1658,1658,1658,1657,1657,1656,1656,1656,1656,1656,1656,1655,1654,1653,1653,1652,1652,1651,1651,1650,1650,1649,1649,1649,1649,1648,1647,1646,1645,1645,1645,1644,1644,1644,1644,1644,1644,1643,1643,1643,1642,1642,1642,1641,1640,1640,1640,1639,1638,1638,1637,1637,1636,1635,1635,1635,1634,1633,1633,1633,1633,1632,1631,1630,1630,1630,1630,1630,1630,1630,1630,1630,1629,1628,1628,1626,1626,1626,1625,1625,1624,1624,1624,1624,1623,1622,1621,1621,1620,1620,1620,1620,1619,1619,1618,1618,1618,1618,1618,1617,1615,1615,1614,1614,1614,1614,1613,1613,1613,1613,1612,1612,1611,1610,1609,1609,1609,1609,1609,1608,1608,1607,1607,1607,1607,1606,1605,1605,1605,1605,1604,1603,1603,1603,1603,1602,1602,1602,1602,1602,1600,1600,1600,1599,1599,1598,1598,1598,1598,1598,1597,1597,1597,1597,1596,1596,1595,1595,1595,1595,1595,1594,1594,1594,1594,1594,1592,1592,1592,1591,1591,1590,1589,1589,1587,1587,1587,1587,1586,1586,1586,1586,1586,1586,1586,1585,1585,1584,1584,1583,1583,1583,1582,1581,1580,1580,1580,1580,1579,1578,1578,1578,1578,1577,1577,1577,1576,1576,1576,1576,1575,1574,1574,1574,1573,1573,1573,1573,1573,1572,1571,1571,1570,1570,1570,1569,1569,1568,1568,1567,1567,1567,1567,1567,1567,1566,1566,1566,1566,1566,1566,1565,1565,1564,1564,1564,1564,1564,1564,1564,1563,1563,1563,1563,1563,1563,1562,1562,1560,1560,1560,1559,1559,1559,1559,1559,1558,1558,1558,1557,1557,1557,1556,1555,1555,1555,1555,1554,1554,1553,1553,1553,1553,1553,1552,1552,1552,1551,1550,1550,1550,1550,1549,1549,1549,1549,1549,1549,1548,1547,1547,1547,1547,1546,1546,1545,1545,1545,1543,1543,1543,1542,1542,1542,1541,1541,1540,1540,1540,1540,1540,1539,1539,1539,1538,1538,1538,1538,1537,1537,1537,1537,1537,1536,1536,1535,1535,1535,1535,1535,1534,1534,1534,1533,1532,1532,1532,1532,1531,1531,1531,1530,1530,1530,1530,1529,1528,1528,1528,1527,1527,1527,1527,1527,1526,1526,1525,1525,1525,1525,1524,1524,1523,1523,1523,1523,1523,1521,1521,1521,1521,1521,1520,1520,1519,1519,1519,1519,1518,1518,1518,1518,1517,1517,1517,1517,1517,1517,1517,1516,1516,1516,1516,1516,1516,1515,1515,1515,1514,1514,1514,1513,1513,1513,1513,1513,1513,1513,1513,1512,1512,1512,1511,1511,1510,1510,1510,1510,1509,1509,1509,1508,1508,1508,1508,1507,1507,1507,1506,1506,1506,1505,1505,1504,1504,1503,1502,1502,1501,1501,1501,1500,1500,1500,1500,1500,1500,1499,1499,1499,1499,1498,1498,1498,1498,1497,1497,1496,1496,1496,1496,1496,1496,1496,1495,1495,1495,1495,1495,1494,1494,1494,1494,1494,1494,1494,1493,1493,1493,1493,1492,1492,1492,1492,1491,1490,1490,1490,1490,1490,1490,1489,1488,1488,1488,1488,1488,1487,1487,1486,1486,1485,1485,1485,1485,1485,1485,1484,1484,1484,1483,1483,1483,1483,1483,1483,1482,1482,1482,1482,1481,1481,1481,1481,1481,1481,1480,1480,1480,1480,1480,1479,1479,1479,1479,1479,1479,1478,1478,1478,1477,1477,1477,1476,1476,1476,1476,1476,1476,1475,1475,1475,1475,1475,1474,1474,1473,1473,1473,1473,1473,1472,1472,1472,1472,1472,1472,1472,1471,1471,1471,1471,1471,1470,1470,1470,1469,1469,1469,1468,1468,1468,1467,1467,1467,1467,1467,1467,1466,1466,1465,1465,1465,1465,1465,1465,1465,1464,1464,1463,1463,1462,1462,1462,1462,1461,1461,1461,1461,1461,1461,1461,1461,1461,1460,1460,1460,1460,1460,1460,1460,1459,1459,1459,1458,1458,1458,1457,1457,1456,1456,1456,1455,1454,1453,1453,1453,1453,1453,1452,1452,1452,1452,1452,1451,1451,1451,1451,1451,1451,1450,1450,1450,1449,1448,1448,1447,1446,1446,1445,1445,1445,1445,1445,1445,1445,1445,1444,1444,1444,1444,1443,1443,1442,1442,1442,1441,1441,1441,1440,1440,1439,1439,1439,1439,1439,1439,1438,1438,1438,1438,1438,1438,1438,1438,1437,1437,1437,1437,1437,1437,1437,1436,1436,1435,1435,1434,1434,1433,1432,1432,1432,1431,1431,1431,1431,1431,1430,1430,1429,1429,1429,1429,1427,1427,1427,1426,1426,1425,1425,1425,1425,1425,1425,1425,1424,1424,1424,1424,1424,1423,1423,1423,1423,1422,1422,1422,1422,1422,1422,1421,1421,1421,1420,1420,1420,1420,1420,1420,1420,1420,1420,1419,1419,1419,1419,1419,1418,1418,1418,1417,1417,1416,1416,1415,1414,1414,1414,1414,1414,1414,1413,1413,1413,1413,1412,1412,1412,1412,1412,1412,1412,1412,1411,1410,1410,1410,1410,1409,1408,1408,1408,1407,1407,1407,1407,1406,1406,1406,1406,1405,1405,1404,1404,1404,1404,1404,1404,1404,1404,1403,1403,1403,1402,1402,1402,1402,1401,1401,1401,1401,1401,1401,1401,1400,1400,1399,1399,1399,1398,1398,1398,1398,1397,1397,1397,1397,1397,1397,1397,1396,1396,1396,1396,1396,1396,1396,1395,1395,1394,1394,1394,1394,1394,1394,1393,1393,1393,1392,1392,1392,1392,1392,1391,1391,1391,1390,1390,1390,1390,1390,1389,1389,1389,1388,1388,1388,1388,1388,1387,1387,1387,1387,1387,1387,1387,1386,1386,1386,1386,1386,1386,1386,1386,1385,1385,1385,1384,1384,1383,1383,1382,1382,1382,1382,1381,1381,1381,1381,1381,1380,1380,1380,1379,1379,1379,1378,1378,1377,1377,1377,1377,1377,1376,1376,1376,1376,1376,1376,1375,1375,1375,1375,1374,1374,1374,1374,1373,1373,1373,1373,1373,1372,1372,1372,1372,1372,1372,1372,1372,1372,1371,1371,1371,1370,1370,1370,1370,1369,1369,1369,1368,1368,1368,1368,1368,1368,1368,1368,1367,1367,1367,1367,1367,1367,1367,1367,1366,1366,1366,1366,1366,1365,1365,1365,1365,1365,1365,1365,1364,1363,1363,1362,1362,1361,1361,1361,1361,1361,1361,1360,1360,1360,1360,1359,1359,1359,1358,1358,1358,1358,1358,1358,1358,1357,1357,1357,1357,1357,1357,1356,1356,1356,1356,1356,1356,1355,1355,1355,1355,1355,1355,1354,1354,1354,1354,1354,1354,1354,1354,1353,1352,1352,1352,1352,1351,1351,1351,1350,1350,1350,1350,1349,1349,1349,1349,1349,1349,1349,1349,1349,1349,1348,1348,1347,1347,1347,1347,1347,1347,1346,1346,1346,1346,1346,1346,1346,1346,1346,1346,1345,1345,1345,1345,1344,1344,1344,1344,1343,1343,1343,1343,1343,1343,1343,1342,1342,1342,1342,1342,1342,1341,1341,1341,1341,1341,1341,1340,1340,1340,1340,1340,1339,1339,1339,1339,1339,1339,1338,1338,1338,1338,1338,1338,1337,1337,1337,1337,1336,1336,1336,1336,1335,1335,1334,1334,1334,1333,1333,1333,1333,1333,1332,1331,1331,1331,1331,1331,1330,1329,1329,1329,1329,1328,1328,1328,1328,1328,1327,1327,1327,1326,1326,1326,1325,1325,1325,1324,1324,1324,1323,1323,1323,1322,1322,1322,1322,1322,1321,1321,1321,1320,1320,1320,1320,1319,1319,1319,1319,1319,1319,1318,1318,1318,1318,1318,1318,1317,1317,1316,1316,1316,1316,1316,1315,1314,1314,1314,1314,1314,1314,1313,1313,1313,1313,1313,1313,1313,1312,1312,1312,1312,1312,1312,1312,1311,1311,1311,1311,1310,1310,1310,1310,1309,1309,1309,1308,1308,1307,1307,1306,1306,1306,1306,1305,1305,1304,1304,1304,1304,1303,1303,1303,1303,1302,1302,1301,1301,1301,1301,1300,1300,1300,1299,1299,1299,1299,1299,1298,1298,1298,1298,1297,1297,1296,1296,1296,1296,1295,1295,1295,1295,1294,1294,1294,1293,1293,1293,1293,1292,1292,1292,1292,1292,1290,1290,1290,1289,1289,1289,1289,1289,1289,1288,1288,1288,1288,1288,1288,1287,1287,1287,1287,1287,1287,1286,1286,1286,1286,1285,1285,1284,1284,1284,1283,1282,1282,1282,1282,1281,1281,1281,1281,1280,1280,1280,1280,1280,1280,1279,1279,1279,1279,1279,1279,1279,1279,1278,1278,1278,1278,1278,1278,1278,1278,1278,1278,1277,1277,1277,1277,1277,1277,1276,1276,1275,1275,1275,1275,1275,1275,1274,1274,1274,1274,1274,1274,1274,1273,1273,1273,1273,1273,1272,1272,1272,1272,1272,1271,1271,1270,1270,1269,1269,1268,1268,1268,1268,1268,1268,1268,1268,1268,1267,1267,1266,1266,1266,1265,1265,1265,1264,1264,1264,1263,1262,1262,1260,1259,1259,1259,1259,1258,1258,1257,1257,1257,1257,1257,1257,1257,1256,1256,1255,1255,1255,1254,1253,1253,1253,1253,1253,1253,1253,1252,1252,1252,1252,1251,1251,1250,1250,1250,1250,1249,1249,1249,1248,1248,1248,1248,1248,1247,1247,1247,1247,1247,1246,1246,1246,1246,1246,1246,1245,1245,1245,1244,1244,1244,1244,1244,1244,1243,1243,1243,1243,1243,1242,1242,1242,1242,1241,1241,1240,1240,1240,1239,1239,1239,1239,1238,1238,1238,1238,1238,1238,1237,1237,1237,1237,1236,1235,1235,1235,1235,1235,1234,1234,1233,1233,1233,1233,1232,1232,1231,1231,1231,1231,1231,1231,1231,1230,1230,1230,1230,1229,1229,1229,1229,1228,1228,1228,1228,1228,1228,1228,1227,1227,1227,1226,1226,1226,1226,1224,1224,1224,1224,1224,1224,1224,1223,1223,1223,1223,1223,1223,1222,1222,1222,1222,1222,1222,1222,1222,1221,1221,1221,1221,1221,1221,1220,1220,1220,1220,1220,1220,1220,1219,1219,1219,1218,1218,1218,1218,1218,1218,1218,1218,1217,1217,1217,1217,1216,1216,1216,1216,1216,1216,1216,1216,1216,1215,1215,1215,1215,1215,1215,1214,1214,1214,1213,1213,1212,1212,1212,1212,1211,1211,1211,1211,1211,1211,1210,1210,1210,1209,1208,1208,1208,1208,1207,1207,1207,1207,1207,1207,1206,1205,1205,1205,1205,1205,1204,1203,1203,1203,1203,1203,1203,1203,1202,1202,1202,1202,1201,1201,1201,1200,1200,1200,1200,1199,1199,1199,1199,1199,1199,1199,1198,1198,1198,1197,1197,1197,1197,1197,1196,1195,1195,1194,1193,1193,1192,1192,1192,1191,1191,1191,1191,1191,1191,1191,1191,1191,1191,1190,1189,1189,1189,1188,1188,1188,1187,1187,1187,1186,1186,1186,1186,1186,1186,1185,1185,1185,1184,1184,1184,1184,1184,1183,1183,1183,1183,1183,1183,1182,1182,1182,1181,1181,1181,1180,1180,1180,1180,1180,1179,1179,1179,1179,1179,1179,1179,1178,1178,1178,1178,1177,1177,1177,1177,1177,1176,1176,1176,1175,1175,1175,1174,1174,1174,1174,1173,1173,1172,1172,1171,1171,1171,1170,1170,1170,1170,1170,1168,1168,1168,1168,1168,1167,1167,1166,1166,1166,1166,1166,1165,1165,1164,1164,1164,1163,1163,1162,1162,1162,1161,1161,1161,1161,1160,1159,1159,1159,1158,1158,1158,1158,1158,1157,1157,1157,1157,1157,1156,1155,1155,1155,1155,1155,1154,1154,1154,1154,1154,1154,1153,1153,1152,1152,1152,1152,1152,1151,1151,1151,1151,1150,1150,1150,1150,1150,1150,1150,1149,1149,1149,1148,1148,1148,1146,1146,1146,1146,1146,1145,1145,1145,1145,1145,1144,1144,1144,1144,1144,1143,1143,1143,1143,1143,1143,1143,1142,1142,1142,1141,1140,1140,1140,1139,1139,1139,1138,1138,1138,1138,1138,1138,1137,1137,1137,1137,1137,1137,1137,1136,1136,1136,1136,1136,1135,1135,1135,1135,1135,1134,1134,1134,1134,1134,1134,1134,1134,1133,1133,1133,1132,1132,1132,1132,1132,1131,1131,1131,1130,1130,1130,1130,1129,1129,1129,1128,1128,1128,1128,1127,1127,1127,1126,1126,1126,1126,1125,1125,1125,1125,1125,1124,1124,1123,1122,1122,1122,1122,1121,1121,1121,1121,1120,1120,1120,1120,1120,1119,1119,1118,1118,1117,1117,1116,1116,1116,1116,1116,1115,1115,1115,1115,1115,1114,1114,1114,1114,1113,1113,1112,1111,1111,1110,1110,1110,1110,1110,1109,1109,1109,1109,1108,1108,1107,1107,1107,1107,1107,1107,1107,1107,1106,1106,1106,1106,1105,1105,1105,1104,1104,1103,1103,1103,1103,1103,1103,1103,1102,1102,1102,1102,1101,1101,1101,1101,1100,1100,1100,1099,1099,1098,1098,1098,1098,1097,1097,1097,1097,1097,1096,1096,1096,1096,1096,1096,1095,1095,1095,1095,1094,1094,1094,1093,1093,1093,1093,1092,1092,1092,1092,1091,1091,1091,1091,1091,1091,1091,1090,1090,1090,1090,1089,1089,1089,1088,1088,1088,1088,1087,1087,1087,1087,1087,1087,1087,1086,1086,1086,1085,1084,1084,1084,1084,1084,1084,1083,1083,1082,1082,1081,1081,1080,1080,1079,1079,1078,1078,1078,1078,1077,1077,1077,1076,1076,1076,1075,1075,1075,1074,1074,1074,1073,1073,1073,1073,1073,1073,1072,1072,1072,1072,1072,1072,1072,1071,1071,1071,1070,1070,1070,1070,1070,1069,1069,1068,1068,1068,1068,1067,1067,1067,1067,1067,1066,1066,1065,1064,1064,1064,1063,1063,1062,1062,1061,1061,1061,1061,1061,1060,1060,1060,1060,1060,1060,1060,1059,1058,1057,1057,1057,1056,1056,1056,1056,1056,1056,1056,1054,1054,1054,1053,1053,1053,1053,1053,1053,1052,1052,1052,1052,1051,1051,1050,1050,1050,1050,1050,1049,1049,1049,1049,1048,1048,1048,1047,1047,1046,1046,1045,1044,1043,1043,1043,1043,1043,1042,1042,1041,1041,1041,1040,1040,1040,1040,1038,1038,1037,1037,1037,1036,1036,1035,1035,1035,1034,1034,1034,1034,1034,1034,1033,1033,1033,1031,1031,1031,1031,1031,1030,1030,1030,1030,1030,1030,1030,1030,1029,1029,1029,1029,1029,1029,1027,1027,1027,1027,1027,1026,1026,1026,1025,1025,1024,1024,1024,1024,1024,1024,1024,1024,1024,1023,1023,1023,1022,1022,1022,1021,1021,1021,1020,1018,1018,1017,1017,1017,1016,1016,1016,1016,1015,1015,1014,1014,1013,1013,1012,1012,1012,1011,1010,1009,1009,1008,1008,1008,1008,1007,1007,1007,1007,1006,1006,1006,1006,1005,1004,1003,1003,1002,1001,1001,1001,1000,1000,1000,999,998,998,998,997,997,997,996,996,996,996,995,995,995,994,994,993,993,993,992,991,991,991,991,991,991,990,989,989,988,987,987,987,986,985,985,985,984,984,983,983,982,982,982,982,982,982,981,981,980,980,980,979,979,979,979,979,979,979,978,978,977,977,976,976,976,976,976,975,975,974,974,974,974,973,972,972,972,971,971,971,971,971,970,970,970,970,969,969,967,967,967,966,965,965,965,964,964,964,963,963,963,963,962,962,961,961,960,960,959,959,958,958,957,957,956,955,955,955,955,954,954,953,952,952,951,951,949,949,948,948,947,947,947,946,946,946,945,945,944,944,944,943,943,943,942,942,942,941,941,941,940,940,940,940,940,940,939,939,939,939,938,938,937,937,936,936,936,936,936,935,935,934,934,934,934,933,933,931,929,929,929,929,929,928,928,928,928,928,926,925,925,924,924,924,924,923,921,920,920,920,919,919,919,917,916,916,916,916,915,915,914,914,913,913,912,911,911,911,911,911,908,908,908,908,908,907,907,906,905,904,904,904,903,902,902,902,901,901,901,901,901,900,898,898,897,897,895,895,893,892,891,889,889,888,888,888,886,886,884,884,884,884,884,883,883,883,883,882,882,881,881,880,880,879,879,879,879,877,876,875,875,874,873,873,873,872,872,871,871,870,868,868,867,867,867,867,867,866,866,866,865,865,865,864,864,863,863,862,862,862,862,860,860,859,859,858,858,858,856,856,856,856,855,853,853,852,852,850,850,850,850,849,847,845,845,844,843,843,842,841,841,840,840,840,838,837,835,834,834,833,832,832,832,831,831,830,829,828,827,827,827,826,826,824,824,824,823,822,822,821,821,820,820,819,819,816,816,816,815,812,809,807,807,807,806,805,805,804,804,804,798,795,795,795,794,792,791,789,789,788,787,787,786,786,785,784,784,784,784,784,782,782,781,778,777,777,777,774,773,773,772,771,770,770,767,765,765,763,763,763,763,762,760,760,759,759,758,758,756,753,751,750,750,748,748,748,747,747,747,744,743,742,741,739,738,738,736,735,735,732,731,731,731,730,728,728,727,727,727,726,726,722,720,720,719,718,718,717,709,707,707,703,703,700,700,698,696,692,690,689,688,684,683,682,682,676,674,674,673,662,660,659,657,656,653,649,646,646,642,638,637,635,635,634,632,630,628,627,627,624,620,620,618,616,613,610,599,596,595,593,592,589,584,584,583,581,580,580,576,575,572,571,569,569,568,556,538,532,528,522,522,521,517,516,503,503,488,482,482,477,471,464,457,427,407,403,382,379,318,302,283,263,240
People left: 9999